00000000000000000000000000000000000000000000000000
00000000000000000000000000000000000000000000000000
00000000000000000000000000000000000000000000000000
00000000000000000000000000000000000000000000000000
00000000000000000000000000000000000000000000000000
66666666666666666555556665665555555665666555555555
66666666666666665555556665555555556665655555555555
66666666666666665555556655555555556655665555555555
55555555555555555555555554444445444333333333344544
55555555555555555555555554444444332211111111112223
65566555555555555555555544434332211111111112211112
66666666666666555555555543322111111221111111122222
55565555666665555555544432111111111111111111111112
55666555556666555554444321111111111111111110011111
55666665555566555555443111332211111111011111111111
55666666555555543332211112321111111111111111111121
66666666555555444421111111111111111111111111111111
66666666555554444332111111111111111111111111111111
66666666555544432112111111111111111111111111111111
66666655555444211111111111111111111111111111111111
66666666665443211111111111111111111111111111111111
66666666554322211111111111111111111111111111111111
66666666544211111111111111111111111111112222111111
66666666543211111111111111111111111112222222222222
66666666642111111111111111111111111222222333333444
66666666642111111111111111111111112222222333433444
66666666632111111111111111111111122222222333333344
66667766643211222222211111111111122222223333333344
66666666643212222322222111111122222222223333333344
76777667663223223332222211111222222222233333344444
76777667664212333222222222222222222222223333344444
66666666665222333332233222222222222222222222222223
77777677765422333332232222222222223333222223333222
77777677755533333333322223322222233333443333333333
67766666655543322223222222222222222333344444444444
77776777655543333233333332222222222233334444444444
77776777655543333333333332222222222233334444444444
66666665544543333333233322222222222233334444443333
66666652244433333331122333335322222233333444433333
77766423444333333323212112222222222233333344322222
76653234344333333342222222242322222233333334432223
65322244333333233332232222233322222233322223333345
32221344233333223332222222333322222233433322223456
22211343223333222232222222233322222233333333445666
22211343222223222332222222233322222223333333346666
00000000000000000000000000000000000000000000000000
00000000000000000000000000000000000000000000000000
00000000000000000000000000000000000000000000000000
00000000000000000000000000000000000000000000000000
00000000000000000000000000000000000000000000000000
N00000000000000000000000000000000000000000000000000
00000000000000000000000000000000000000000000000000
00000000000000000000000000000000000000000000000000
00000000000000000000000000000000000000000000000000
00000000000000000000000000000000000000000000000000
55555555555555555555555555555555555555555555555555
55555555555555555555555555555555555555555555555555
55555555555555555555555555555555555555555555555555
66655555555555555555555555555555555555555555555555
66666666555555555555555555555555555555555555555555
66666665555555555555555555555555555555555555555555
66655555555555555555555555555555555555555555555555
55555566555555555555543433344455555555555555555555
66555666555555565532212222222225566665555555555555
66665566555556544211212111111113566666655555555555
66665555555556642111112222211112566666655555555556
66656665555566665322334444321122466666655555555555
65566666555555666333334444432222366666655555555555
66566666555655566433334444443334456666555555566665
66666666555665555333332334444443555555555555556665
66656665555555566633443334444445555555555555556655
66656665555556666544443334433334555555555555555655
56555555555566655553333333433335555556655555555555
55566655555555555555333333333335565555556555555555
55566665555555555555433333333333535555555555555565
55556555555555543222432223343333521235555555555565
55555655555432111111344333334544521111113455555555
55555554332111111111245533334555521111111111345555
65555552111111111111244554334555311111111111112555
55555531111111111110112212333343111111111111111255
55555521111111111111112332233332111111111111111155
55555531111111111111112433323331111111111111111255
55555531100111111012333443322221111111111111111255
55555411100011111134334444322221111111111111111155
55555311100011111343334443322211111111111110111155
55555211100001111333334433322211111111111000011155
55553111111001123333333223322211111111111000011145
55551111112122212323211122222210111111110000011145
55542211111112111222111112222210011111110000011155
55542111110111111100111111222210011111100000011255
55531100101111111000111122222210011111100000011255
55531000000001210000111222222210001111000000011355
55541100000000000001111222222200001111000000012455
55554210000000000001111122222200000111100000013555
55555554431000000001111111122200000111110000014555
00000000000000000000000000000000000000000000000000
00000000000000000000000000000000000000000000000000
00000000000000000000000000000000000000000000000000
00000000000000000000000000000000000000000000000000
00000000000000000000000000000000000000000000000000
N00000000000000000000000000000000000000000000000000
00000000000000000000000000000000000000000000000000
00000000000000000000000000000000000000000000000000
00000000000000000000000000000000000000000000000000
00000000000000000000000000000000000000000000000000
55555555555555555555555555555555555555555555555555
55555555555555555555555555555555555555555555555555
55555555554555555555555555555555555555555555555555
66555555555555555555555555555555555555555555555555
66666666555555555544443333335555555555555555555555
66666665555555554322111222222455555555555555555555
66655555555554421112211111111245555555555555555555
55555566555553321111122221111235555555555555555555
55555666555555321112344432111225566665555555555555
66665566555555543333344443222224666666555555555555
66655555555555653333344444433345666666655555555555
66555665555556663333223344444445666666655555555555
65566666555555565324333344444455666666655555555555
66566666555555555434433344444455556666555555556665
66666665555555555533333334444455555555555555556665
66656665555555565553233334444444555555555555555655
66655665555555554311233333443334542234555555555555
56555555555554211111134333333334452111111245555555
55566655554321111111114543333334552111111111455555
55566654321111111111113434433334541111111111355555
55555531111111111111111433333334421111111111355555
55555521111111111111111343333444321111111111355555
55555521111111111111111333333433321111111111455555
55545532111000111111113333333443222111111112555555
54555551111000011111331222343332222111111113555555
55555552111111001111210122343322222111111113555555
55555552111111100001100011243332222111111114555555
55555552111111100000000000133322222111111114555555
55555553110000000000001101133222211110111115555555
55555553111000000000011111133332222210011125555555
55555552110000000000001111123332222100011125555555
55555552100000000000001111112222221100011125555555
55555553100000000000000111112222221000011145555555
55555555200000000000000011112222211111111255555555
55555555410000000000000001112222211111111355555555
55555555542100000000000000112222110000011455555555
55555555532100000000000000011211200010013555555555
55555555422100000000000000011223321110124555555555
55555555321100000000000000002233332110124555555555
55555554211000000000000000001333332200125555555555
00000000000000000000000000000000000000000000000000
00000000000000000000000000000000000000000000000000
00000000000000000000000000000000000000000000000000
00000000000000000000000000000000000000000000000000
00000000000000000000000000000000000000000000000000
N00000000000000000000000000000000000000000000000000
00000000000000000000000000000000000000000000000000
00000000000000000000000000000000000000000000000000
00000000000000000000000000000000000000000000000000
00000000000000000000000000000000000000000000000000
34555555544444444444444444444444444444555666666666
34555555544444444444444444444444444444445566666666
35555555554444444444444444444444444444445556666666
35566666654444444444444444444444444444445555666666
35666666665444444444444444444444444444444555666666
45666666665544444444444444444444444444444555666666
45666666666554444444444444444444444444444555666666
45666666666665444444444444444444444444445555666666
45666666666666544444444444455444444444445555666666
46666666666666544444444444444555555555444455666666
46666666666666654444444444444455555555554455666666
56666666666666664444444444444445555555555455666666
56666666666666665444444444444444455444444555456666
56666666666666655444444444444444444444444454335666
56666666666666655444444444444444444444444443124666
56666666666666654444444444444444444444444441112566
55555666666666554444444444444444444444444421112356
55555555555555544444444444444444444444444311111245
55555555555555534444444444444444444444332111111235
55555555555555310113344444444444433321111111111125
55555555555552111000000110000011111111100000111123
55555555555421110000000000111111111000000011111123
55555555543211111000000000111111000001111111112455
55555553322111110000000000111111111111111123445555
55555433322221111000000001111011222222223444444555
55533333322111111111110011111112222222223334444455
53111111111111222222111111112222222333333334444555
32110112233322222111111111122333333333344444444555
31111111222222222222222222233444444444444444555555
32222222222222222211123344444444444444444555555555
32221111111122344444445555555555555555555555555555
55544444444444444555555555555555555555555555566666
55555555555555555555555555555555555555566666666666
55555555555555555555555555555555555555666666666666
55555555555555555555555555555555555555666666666666
55556655555555555555555555555555555555566666666666
66666665655555555555555555555555555566666666666666
55555555555555555555555555555555555566666666666666
33333333344555555555555555555555555566666666666666
33333333333333334555555555555555555556666666665555
00000000000000000000000000000000000000000000000000
00000000000000000000000000000000000000000000000000
00000000000000000000000000000000000000000000000000
00000000000000000000000000000000000000000000000000
00000000000000000000000000000000000000000000000000
N00000000000000000000000000000000000000000000000000
00000000000000000000000000000000000000000000000000
00000000000000000000000000000000000000000000000000
00000000000000000000000000000000000000000000000000
00000000000000000000000000000000000000000000000000
53123555555555544455566665555554444444444444555666
52124555565555544444555666555544444444444444445566
52224555666655544444555566555544444444444444445556
52224566666665554444455556655544444444444444445556
42224566666665554444445555565554444444444444445555
42234566666666554444445555555555444444444444445555
42235566666666555444445555555555544444444444444555
42235666666666655444444445555555554444444444444555
42235666666666655544444444555555555444444444445555
42235666666666665544444444455555555544444444445555
32245666666666665544444444444455555555555555555555
32245666666666666544444444444444455555555555555555
32245666666666666554444444444444444455555555555555
32245666666666666654444444444444444444455555555555
32245566666666666655444444444444444444444555555555
32245555555555556655444444444444444444444445555555
32345555555555555555444444444444444444444444544444
22345555555555555555444444444444444444444444444443
22345555555555555555444444455544444444444444444323
22345555555555555554444444455554444444444444443223
22345555555555555421234444555554444444444443221122
22345555555555432111110123444444444443332111111112
22445555555553221111111111222111111111111000011122
22455555555323322221111111222111111111001111111122
23455555543222222222111111112211111111110011111113
23455555432333322211111111211111111111111011123444
23455553212222111111112211211112111222233444444455
23455531110011111111111111111211223344444444445555
23444432111112232211111111111223444444444444555555
23444421111111122211111112222344555555555555555555
34444422222222222222222223445555555555555555555555
34455543333222233344444455555555555555555556666666
44555555555555555555555555555555555555666666666666
44555555555555555555555555555555555555556666666666
44555555555555555555555555555555555555566666666666
44555555555555555555555555555555555566566666666666
44555556666666665555555555555555666666666666666666
44444555555555555555555555555555666666666666666666
33333333333333455555555555555556566666666666666666
22333333333333333333455555555555555566666666666666
00000000000000000000000000000000000000000000000000
00000000000000000000000000000000000000000000000000
00000000000000000000000000000000000000000000000000
00000000000000000000000000000000000000000000000000
00000000000000000000000000000000000000000000000000
N00000000000000000000000000000000000000000000000000
00000000000000000000000000000000000000000000000000
00000000000000000000000000000000000000000000000000
00000000000000000000000000000000000000000000000000
00000000000000000000000000000000000000000000000000
65312345555555555555444444444444444444444555556666
55312355555555555555544444444444444444444445556666
55312355565665555655444444444444444444444444555666
65312355666666666665444444444444444444444445555566
65322355666666666665444444444444444444444445555556
65322456666666666655444444444444444444444444555566
65222456666666666665444444444444444444444444555666
65222456666666666655444444444444444444444444455566
65222466666666666655444444444444445544444445555556
65223466666666666654444444444444444455555555555556
64223566666666666654444444444444444445555555555556
64223566666666666654444444444444444444555555555556
64223566666666666665444444444444444444455555555555
64223566666666666665444444444444444444444555555555
64223566666666666665444444444444444444444555544555
53223566666666666665544444444444444444444455544454
53224555555666666655544444444444444444444444554443
53224555555555555555554444444444444444444444444442
53224555555555555555544444444444444444444444444422
53224555555555555555434444444444444444444444444222
53224555555555555543111244444444444444444444311122
53234555555555554321110000133444444444433211111111
43234555555555422111111000011110001111111100000112
43234555555542322211111000110000011111100001111111
42234555555322222222211110111001111111111101111111
42244555553333333221111111111011111111111101111234
42245555422222221111111111111111111112222334444444
42245554211001111111111111111111112334444444444445
42244443211111222221111111111011134444444444444555
43344442111111111111111112222222344444444444455555
43344443222222222222222222334455555555454455555555
43345554333333333334444444555555555555555555555555
44445555555555555555555555555555555555555555666666
44445555555555555555555555555555555555555556666666
44445555555555555555555555555555555555555556666666
44445555555555555555555555555555555555555566666666
44445555555555555555555555666655555555666666666666
34445555555555555555555555666665555555666666666666
33333333333333445555555555666666555555656666666666
22223333333333333333345555555555555555666666666666
00000000000000000000000000000000000000000000000000
00000000000000000000000000000000000000000000000000
00000000000000000000000000000000000000000000000000
00000000000000000000000000000000000000000000000000
00000000000000000000000000000000000000000000000000
N00000000000000000000000000000000000000000000000000
00000000000000000000000000000000000000000000000000
00000000000000000000000000000000000000000000000000
00000000000000000000000000000000000000000000000000
00000000000000000000000000000000000000000000000000
65312355555555555555554444444444444444444444445555
55312355555555555555554444444444444444444444445555
55312355555555555555554444444444444444444444445555
55212455666666666666554444444444444444444444445555
55222456666666666666544444444444444444444444444555
55222456666666666666544444444444444444444444444555
64223456666666666666544444444444444444444455555556
64223466666666666666544444444444444444444444555555
64223566666666666666544444444444444444444444555555
64223566666666666666544444444444444444444444455555
64223566666666666666654444444444444444444444445555
63224566666666666666654444444444444444444444444554
53224566666666666666554444444444444444444444444554
53224566666666666666654444444444444444444444444544
53224555555566666665555444444444444444444444444445
53224555555555555555555444444444444444444444444444
43224555555555555555553111123344444444444444444432
42234555555555555554311111000001123344444444443222
42234555555555555431111100000000000011222111112222
42234555555554333333221110000100001111222111112222
42234555554211111111111110000100111111111111111122
42234555542110011221111110000010112211100000011122
42244555532221111221111111000111121111111111111122
42244555533332222222221111111111111111000001111112
32244555555544433222222222211111111111100001111123
32244555555554444444433332222222222222222222223345
32344554444444444444433333322222222222223334444444
32344444444444444433333322222222233444444444444444
32344444444444444333333333333333444444444444444445
32445555555555554444444333333344444444444445555555
43445555555555555555544554555555444444455555555555
43445555555555555555555555555555555555555555555555
44455555555555555555555555555555555555555555555555
44455555555555555555555555555555555555555555555555
44455555555555555555555555555565555555555555555556
44455555555555555555555555555556655555555555555555
44455555555555555555666555555556666555555556555555
44445555555555555555665555555555666555555556666555
33333333333333445555555555555555666665566556665566
22233333333333333333355555555555555555555555555555
00000000000000000000000000000000000000000000000000
00000000000000000000000000000000000000000000000000
00000000000000000000000000000000000000000000000000
00000000000000000000000000000000000000000000000000
00000000000000000000000000000000000000000000000000
N00000000000000000000000000000000000000000000000000
00000000000000000000000000000000000000000000000000
00000000000000000000000000000000000000000000000000
00000000000000000000000000000000000000000000000000
00000000000000000000000000000000000000000000000000
52124555555565555555555555555666666655555555555555
42224555555555555556655445555566666665555555555555
42224556555666666666665445555555666665555555555555
42224566666666666666665455555555556666554455555555
42235566666666666666666555555555555566654445555555
42235566666666666666666555555555555556665445555555
42235666666666666666665444444455555555566644545555
42235666666666666666654444444444455555556665444555
32245666666666666666544444444444444555555566655555
32245666666666666665444444444444444445555555666555
32245666666666666665444444433444444444444555556655
32245666666666666665444444444444444444444444455555
32245666666666666665444444444444444444444444444455
32345555555556666666544444444445555555555555544455
22345555555555555566544444444444445555555555444455
22345555555555555555544444444445555554544554444445
22345555555555555555554444445444555555555444444444
22345555555555555555555444445545555555555444444455
22345555555555555555555311234555555555555444444544
22345555555555555555542100001112345555554444444323
22445555555555555554211111000122211111122222222223
22445555555555555421111111011111211111222211111113
22445555555555552111221110011222111111221100111223
23455555555555422222222111111112211121100111111122
23456655555553333322221111111111112211110001111123
23456655555532222221111111111122112111111101123445
23455555544311110111111111111112222122233344444555
23455444444321111122221111111112222334444444445555
24454444443211111111121111111111223444444455555555
24444444444322222222222222222222345555555555555555
34455444444322221111111111234455555555555555555555
34555555544443444444444445555555555555555555555555
44555555555555555555555555555555555555555555555566
45555555555555555555555555555555555555555555556666
44555555555555555555555556666555555555555556666666
44555555566666666665556565666555555555555566666666
44556666666666665555556665555555555555555666655556
44444455555555555555555555555555555566566555555555
32333333333333445555555555555555555555555555555555
22333333333333333333455555555555555555555555555555
00000000000000000000000000000000000000000000000000
00000000000000000000000000000000000000000000000000
00000000000000000000000000000000000000000000000000
00000000000000000000000000000000000000000000000000
00000000000000000000000000000000000000000000000000
N00000000000000000000000000000000000000000000000000
00000000000000000000000000000000000000000000000000
00000000000000000000000000000000000000000000000000
00000000000000000000000000000000000000000000000000
00000000000000000000000000000000000000000000000000
55555555430000000000000000000000000000000000000000
55555555431000000000000001222222222211000000000000
56555555542000000000000000001111112210000000000000
66655555542000000000000000011111100000000000000000
66665555543100000000000001122222222210000000000000
66666555554100000000000000000000000000000000000000
66666655554200000000000001112222222100000000000000
66666665555300000000000000000111100000000000000000
66666666555410000000000001111000111000000000000000
66666666655410000000000001111222222100000000000000
66666666665520000000000000000000000000000000000000
66666666665541000000000001222222221100000000000000
66666666665541000000000000000001110011000000000000
66666666665552001100000000111122222222221000000000
66666666665553111100002222333333333333332210000000
66666666665554111100133333333333333333333322000000
66666666655554211123333333333333333333333333210000
66666666655555433333333333333333333333333333332100
66666666655554433333332223333333333333333333333322
66666665555544333333222222333333333333333333333333
66666655555443332212222222233333333333333333333333
66666655555544212222222222222223333333333333333333
66666555555544222222222222222222222233333333333333
66665555555544211111011111111110111111233333333333
66665555555543100000000000000000000000112233333333
66655555555443100000000000000000000000001122333333
66665555555442100000000000000000000000000001222333
66655555555441000000000000000000000000000000011122
66655555554431000000000000000000000000000000000000
65555555555421000000000000000000000000000000000000
55555555554410000000000000000000000000000000000000
55555555554410000000000000000000000000000000000000
55555555554310000000000000000000000000000000000000
55555555554310000000000000000000000000000000000000
55555555554200000000000000000000000000000000000000
55555555554100000000000000000000000000000000000000
55555555554100000000000000000000000000000000000000
55555555554100000000000000000100000000000000000000
55555555554100000000000000001100000000000000000000
55555555554100000000000000011100000000000000000000
00000000000000000000000000000000000000000000000000
00000000000000000000000000000000000000000000000000
00000000000000000000000000000000000000000000000000
00000000000000000000000000000000000000000000000000
00000000000000000000000000000000000000000000000000
N00000000000000000000000000000000000000000000000000
00000000000000000000000000000000000000000000000000
00000000000000000000000000000000000000000000000000
00000000000000000000000000000000000000000000000000
00000000000000000000000000000000000000000000000000
00000000000000000000000000111111210000000000000000
00000000000000000000001111100000000000000000000000
00000000000000000000001222222222200000000000000000
00000000000000000000000000000000000000000000000000
00000000000000000000001222222221000000000000000000
00000000000000000000000011111221000000000000000000
00000000000000000000000000000000000000000000000000
00000000000000000000001122222220000000000000000000
00000000000000000000000000000000000000000000000000
10000000000000000000001222222210000000000000000000
10000000000000000000000011111100000000000000000000
10000000000000000000000000000000000000000000000000
10000000000000000000001122222100000000000000000000
10000000000000000000000000000000000000000000000000
10000000000000000000001122211000000000001222222100
11000000000000000000000001111000000000001122332221
11000000000000000000001000000000000000000112223322
21000000000000000000001112210000000000000011222332
21000000000000000000000000000000000000000001112233
31000000000000000000000000100000000000000000011223
41000000000000000000000000000000000000000000000112
42000000000000000000000000000000000000000000000011
53100000000000000000000000000000000000000000000001
54210000000000000000000000000000000000000000000000
55410000000000000000000000000000000000000000000000
55420000000000000000000000000000000000000000000000
55310000000000000000000000000000000000000000000000
53110000000000000000000000000000000000000000000000
31010010000000000000000000000000000000000000000000
10010000000000000000000000000000000000000000000000
10010000000000000000000000000000000000000000000000
10010000000000000000000000000000000000000000000000
10000000000000000000000000000000000000000000000000
10000000000000000000000000000000000000000000000000
10000000000000000000000000000000000000000000000000
10000000000000000000100000000000000000000000000000
20000000000000000000100000000000000000000000000000
10000000000000000000000000000000000000000000000000
10000000000000000000000000000000000000000000000000
10000000000000000000000000000000000000000000000000
00000000000000000000000000000000000000000000000000
00000000000000000000000000000000000000000000000000
00000000000000000000000000000000000000000000000000
00000000000000000000000000000000000000000000000000
00000000000000000000000000000000000000000000000000
N00000000000000000000000000000000000000000000000000
00000000000000000000000000000000000000000000000000
00000000000000000000000000000000000000000000000000
00000000000000000000000000000000000000000000000000
00000000000000000000000000000000000000000000000000
66666665555555566666656555555666666665555555555555
66666665555555666666656655556666666666555555555655
55555555655556665555555555555555555666555555555666
66665555555555555555555566666655565555555555555555
66666666666666666555555666666655555555555555555566
66666666666666666655556666666666655666655555566666
66665566666665555555556666666666555555555555555666
55555666655565556666555666666655565555555555555555
66555677666666666666655555445555666666555555555555
66666677666666666666655542222223566666655555566555
66666666666666666666654332112222335666655555565556
66656666666666666666642333322222235666655555555555
55566666665556666666533334444544225666655555556655
66566666566665566665433333444444346666555555566665
66556666555665555554454443343344355555555555566665
66656665555555666654443443344444655555555555556665
66655665555556666655543333344445555666655555556656
56555555555666665544334333444455555556665555555556
55566655555566554343334333444555665555556555555555
55566665555432221243333333455555566555555555556565
55555543221111111243333344454555556655445555455565
54453111111111111354343454542124555555555555555555
54431111111111111455544455531111124555555555555555
55421111111111111112345545311111111245555555555555
44411111111111111112233332111111111113555555455555
44411111111111111112333432111111111113555554455556
55311111011111111112333332111111111113555555555555
54311111111111111111233331111111111114555555555556
52111111011111111111233321111111111114555555555566
42111111011101111111222321111111111115555555555555
21111110001001111111222221111111111115555555555556
11211110001000111111232221111111111125555555555555
11111111133111222111122221111111111125555555555555
11111123443333211111122221111111111135555555555555
11111124433311001111123221111110011145555555555555
21111134331000000111121221111100011114555555555555
54211123210000000111111221111100011125555555555555
55542111100000000011111221111100000112555555555555
55521111000000000001244322111110000011234555555555
55511111000000000000244332111110000012233333334555
00000000000000000000000000000000000000000000000000
00000000000000000000000000000000000000000000000000
00000000000000000000000000000000000000000000000000
00000000000000000000000000000000000000000000000000
00000000000000000000000000000000000000000000000000
N00000000000000000000000000000000000000000000000000
00000000000000000000000000000000000000000000000000
00000000000000000000000000000000000000000000000000
00000000000000000000000000000000000000000000000000
00000000000000000000000000000000000000000000000000
66666665555555566666656555555666666665555555555555
66666665555555666666656655556666666666555555555666
55555555555556655555555555555555555666555555555666
66665555555555555555555566666655555555555555555555
66666666655556666555555555666655555555555555555566
66666666555556666655554222232456555666655555566666
66665556655565555554332212122223555555555555555666
55555666655565555654222222222223555555555555555555
66555667655555666653233344444433566665555555555555
66666667666666666642333444444444666666555555566555
66666666665566666543333333443445666666655555565555
66656666555566666544334443444455666666655555555555
55566666555555666654333433444555666666655555556655
66566666555655566654333334444555566666555555566665
66556666555665554443333344445555555555555555566665
66656665555554321233334444555565655555555555556665
66655665443211111143334334556565555666655555555656
56554322111111111135443334522445555555555555555556
55542111111111111135543334521112455555556555555555
55521111111111111135554335421112225555555455556555
44211111111111111113444444211111124555445544455565
53111111111111111112344443111111114555555544455555
52111111111111111111344343111111114555555555555555
31111111111111111111344333211111114555555544455555
22111111111101111111244332211111125555555544455555
21111111111111111111234332111111135555555554445556
11111111111100011111233332111111145555555555554555
11111111111000011111243322111111455555555555544556
11111111110000001111234322111111455555555555555566
11111110000000000111232322011111135555555555555555
11113100000000000111232222111111112555555555555556
11132100000000000011122321111111111245555555555555
11131000000000000001122221111111111111455555555555
11210000000000000001122211111111100000124555555555
11100001000000000001233311121111100000012455555555
11100000000000000001344343221111342111112233233334
11000000000000000001344344322111355542111233333344
11000000011000000001344344422111455555543355554454
11110000100000000001344344421111555555555555555445
11100000000000000012444344432111455555555555555555
00000000000000000000000000000000000000000000000000
00000000000000000000000000000000000000000000000000
00000000000000000000000000000000000000000000000000
00000000000000000000000000000000000000000000000000
00000000000000000000000000000000000000000000000000
N00000000000000000000000000000000000000000000000000
00000000000000000000000000000000000000000000000000
00000000000000000000000000000000000000000000000000
00000000000000000000000000000000000000000000000000
00000000000000000000000000000000000000000000000000
66666665555555555556655555555666666665555555555555
66666655555555666666655555556666666666555555555666
55555555555556655555555555555555555666555555555666
66665555555555555555555566666655555555555555555555
66666666655556655432222234666655555555555555555566
66666666555556653212122222366666555666655555566666
66665566655565432221112333256666555555555555555666
55555666655565422334444444336655555555555555555555
66555667655555523333444444455555666665555555555555
66666667655566633333334444445666666666555555566555
66665556555556643333333444456666666666665555565556
66556665555566653333333444455665666666665555555555
55566666555555665433333444455555666666655555556655
66566666555655566433333444565555566666555555566665
66556666555665542333333344555555555555555555566665
66556665555555321143444444534565655555555555556665
66655665555422111124443333552224555666655555555656
56555555421111111112443333552222355555555555555556
55555322111111111111443335542112355555555555555555
55553111111111111111133333321112455555555555556555
45542111111111111111124455431112555555445544455565
54421111111111111111124444431112555555555444455555
54311111111111111111113443331112555555555555555555
55321111111111111111112344442112555555555544555555
53111111110111111111112234442112555555555544455555
21111111100011100111112222221113555555555555555566
11111111000011111011112223321114555555555555555555
11111111000011111000112213321114444555555555555556
11111110000001111000012212221124455555555555555566
11111110000000011000001211311111355555555555555555
11111000000000001100001211111111135555555555555556
11111000100000001100001211111011111255555555554455
11131100100000000121001111111011001244445555555555
11441111110000000011001100111111011223343455555555
14541101111011100011111100011111111322223335555555
45531000111111111111111100011111455555433235555555
55521000111000000001112100002111555555555555555555
55421110001111111111112100002112555555555555555555
55311100001111111111112100002114555555555555555555
55211100001111111111112110013215555555555555555555
00000000000000000000000000000000000000000000000000
00000000000000000000000000000000000000000000000000
00000000000000000000000000000000000000000000000000
00000000000000000000000000000000000000000000000000
00000000000000000000000000000000000000000000000000
N00000000000000000000000000000000000000000000000000
00000000000000000000000000000000000000000000000000
00000000000000000000000000000000000000000000000000
00000000000000000000000000000000000000000000000000
00000000000000000000000000000000000000000000000000
66666665555555555556655555555666666665555555555555
66666655555555666666656665556666666666555555555666
55555555555556655555555555555555555666555555555666
66665555555555555555555566666655555555555555555555
66666666655556665555555666666655555555555555555566
66666666555556666655556666666666655666655555566666
66665566655565555555555666666666555555555555555666
55555666655554433444455566666655555555555555555555
66555667654322222222235556665555666665555555555555
66666667542222222232224555555666666666555555566555
66665566543222344444322565556666666666665555565556
66556665553444444444433555555666666666665555555555
55566666554433443334443455555555666666655555556655
66566666555433334444444455665555566666555555566665
66556666555543334444444556666555555555555555566665
66656665555553334444444555556565655555555555556665
66655665555555333444443335566565555666655555555656
56555555555566533344443332212222223455555555555556
55566655555565333333343335222221222245555555555555
55566665555542133333343345321111111125555555556555
55556655553211124533444455421111111113555544455555
55555654321111113455544555322111111112555555555555
55555421111111111345434444311111111111455555555555
55542111111111111122334333221111111111455555555555
54421111111111111112444323332111111111455555555555
44521111111111111111333334442111111111245555555556
55521111111111111111123344432111111111114555555555
55521111111111111111113333322111111111124555555556
55531111101100111111112333332111111111113555555566
66631111100110011111112334433211111110112555555555
55521111100000001111112344221111111110111355555556
55411111100000000111112232222211111110011145555445
44411111000000000001112213332211111100123245555555
44311111000000000000112213222211111114233234555555
44111111000000000000012211222211111114423244555555
44211111000000000000001211111210011113543444555555
55211111000000000000001211112332111112555445555555
55211111000000000000001101134433211111455555555555
55211110011000000000001100134443321111455555555555
55211110011111100000012100024444332111355555555555
00000000000000000000000000000000000000000000000000
00000000000000000000000000000000000000000000000000
00000000000000000000000000000000000000000000000000
00000000000000000000000000000000000000000000000000
00000000000000000000000000000000000000000000000000
N00000000000000000000000000000000000000000000000000
00000000000000000000000000000000000000000000000000
00000000000000000000000000000000000000000000000000
00000000000000000000000000000000000000000000000000
00000000000000000000000000000000000000000000000000
66666665555555556556656555555666666665555555555555
66666665555555666666656565556666666666555555555666
55555555555556655555555555555555555666555555555666
66665555555555555555555566666655555555555555555555
66666666655556666555555666666655555555555555555566
66666665555556666655556666666666655666655555566666
66665566655565555555555666666666555555555555555666
55555666655565555565555666666655555555555555555555
66555667655554432223334556665555666665555555555555
66666677665433222222222355555666666666555555566555
66665666665422222234322255566666666666665555565556
66656666555543344444442245555666666666665555555555
55566666655544344444443245555555666666655555556655
66566666555544333433444345665555566666555555566665
66556666555654333444444445666555555555555555566665
66656665555554333444444455556565655555555555556665
66655665555555433344443335566565555666655555555656
56555555555666533344443335565555555555555555555555
55566655555566553333343334233333444445555555555555
55566665555555554333343335421111111111245555556555
55556665555554334333344445521111111111114555555555
55556665555422114543444555521111111111112555555555
55555655432111112455434445421111111111111355555555
55555542111111111443233344421111111111111135555555
55554211111111111112334344321111111111111125555555
55554111111111111112444332211111111111111111145555
55553111111111111111333322222111111111111111113555
65653111111111111111123333332111111111111111111456
55553111111111111111124333222111111111110111111556
66663111111101111111113321121111111111111111111355
66654111111110111111112322233211111111111111111255
55554111110000001111111233332211111111111111111145
45553111110001001111111232222221111111110111111145
55553111110031100111111222233221111111112324311255
55521111111132110001111223332221111110013234431255
55532111111142110001111222222222111110013334431255
55553111111101011000111212222111211110011223455555
55554321111111100100001211112222221111001111245555
55555421111111112211001212444444332111111111135555
55555552111111233333101211444444433211111111125555
00000000000000000000000000000000000000000000000000
00000000000000000000000000000000000000000000000000
00000000000000000000000000000000000000000000000000
00000000000000000000000000000000000000000000000000
00000000000000000000000000000000000000000000000000
N00000000000000000000000000000000000000000000000000
00000000000000000000000000000000000000000000000000
00000000000000000000000000000000000000000000000000
00000000000000000000000000000000000000000000000000
00000000000000000000000000000000000000000000000000
66666665555555566666656555555666666665555555555555
66666665555555666666656655556666666666555555555665
65555555655556665555555555555555555666555555555666
66665555555555555555555566666655565555555555555555
66666666666656666555555666666655555555555555555566
66666666666666666655566666666666656666655555566666
66665666666665555555556666666666555555555555555666
55555666665565556665555566666655565555555555555555
66555667666656666654322223455555666665555555555555
66666677666666665322222222223566666666655555566555
66666666666666665422222334322566666666665555565556
66656666666666665434444445442366666666665555555555
65566666666656665343444444443455666666655555556655
66566666666665566543334434443455566666555555566665
66666666556665555544333444444455555555555555566665
66656666555555666554333444444565655555555555556665
66655665555556666654334333444565555666655555555656
56555555555666665555434334444555555555555555555556
55566655555566655555544334444543555555555555555555
55566665555555555556543334444542212234555555556555
55566665555555555555543444434542111111111234555555
55556665555565555432554453345532111111111112355555
55555665555565432111455544555421111111111111245555
55555665555543211111333333344211111111111111135554
55565565555211111111113334433211111111111111125555
55555555554211111111112333222111111111111111125555
56655555554211111111111232222111111111111111113555
66665555554211111111111233332111111111111111112556
66666655554111111111111233322111111111111111111456
66666655554111111111111222221111111111111111111155
66655555554211111111111222222111111111110111111135
66555555555211111111111233332211111111110011111114
55556555555334432111111223222211111111110111111113
55666655555333443111111222222211112322211111111125
55666655555333443100111222232221122334421111111125
55556655553333331110111212233221112344432111111255
55555555554322211000011211222211101334432111113555
55555555554422111010001211211111210123321111255555
55555455555555554110001212233333321000111223555555
55555555555555552111100211334433332100111112555555
00000000000000000000000000000000000000000000000000
00000000000000000000000000000000000000000000000000
00000000000000000000000000000000000000000000000000
00000000000000000000000000000000000000000000000000
00000000000000000000000000000000000000000000000000
N00000000000000000000000000000000000000000000000000
00000000000000000000000000000000000000000000000000
00000000000000000000000000000000000000000000000000
00000000000000000000000000000000000000000000000000
00000000000000000000000000000000000000000000000000
66666665555555566666656555555666666665555555555555
66666665555555666666656655556666666666555555555655
65555555655556665555555555555555555666555555555666
66665555555555555555555555545555555555555555555555
66666666665656666555554323222233555555555555555566
66666666666666666655554222222222345666655555566666
66665666666665555555543333334443235555555555555666
55555666665565556665434444444454335555555555555555
66555667666666666666534333444444346665555555555555
66666677666666666666654333344444356666655555566555
66666666666666666666545333344444456666655555565555
66656666666666666666655433444444556666655555555555
65566666666656666666655433344444566666655555556555
66566666666665666665555544444444556666555555556665
66666666556665555555555643334444423555555555555665
66656666555555666655555544334445322122333345555655
66655665555556666655555533333455321111111111124555
56555555555666665554324533434553211111111111112555
55566665555566655422124433444431111111111111111455
55666665555555432111112233333221111111111111111255
55566665555554211111111134333211111111111111111145
55556665555565211111111144333211111111111111111114
55555665555565211111111144332211111111111111111111
55555665555556311111111123223444443211111111111111
55565565555555311111111123333334444421111111111111
55555555555655311111111123322233344442111111111111
56655555555555521111111123221112234442111111111111
66665555555556532111111122221100001221111111111111
66666655555566631111111122221110000000123311111111
66666655555666642111111122221111000000001111111111
66655555555555521111211122111111100121000012455555
66555555554442111111111121211111111000001112555555
55556555444332111000111121111111111111111113555555
55666655444442111101111122211111111111111112555555
55666655544442113452111122221111111111111111355555
55556655543335555521111132321111111111111111355555
55555555555545555411001133321111111111111111255555
55555555555555555311111233321111111111111111255555
55555455555555552111111233321111111111111111145555
55555555555555531111112333321111111111111111135555
00000000000000000000000000000000000000000000000000
00000000000000000000000000000000000000000000000000
00000000000000000000000000000000000000000000000000
00000000000000000000000000000000000000000000000000
00000000000000000000000000000000000000000000000000
N00000000000000000000000000000000000000000000000000
00000000000000000000000000000000000000000000000000
00000000000000000000000000000000000000000000000000
00000000000000000000000000000000000000000000000000
00000000000000000000000000000000000000000000000000
66666665555555566666656555555566666665555555555555
66666665555555666666656555556666666666555555555655
65555555655556665555555555555555555666555555555666
66665555555555555555555533232222455555555555555555
66666666665656666555555432222222224555555555555566
66666666666666666655555433322222223566555555566666
66665566666665555555553344444444423555555555555666
55555666655565556665553433344454433555555555555555
66555667666666666666655433334334435665555555555555
66666667666666666666545433344444446666555555565555
66666666666666666666645433344444456666655555565555
66656666666666666666655433344444566666655555555555
55566666666556666666555443444445566666555555555555
66566666555665566665555333334444556665555555555665
66656666555665555555554333444453245555555555555665
66656665555555665544554343444552211223445555555555
66655665555555542223553333455532111111111223455555
56555555555332211113543335555311111111111111245555
55566655554211111111133334443111111111111111145555
55566665554211111111123333442111111111111111125555
55556665554211111111133432221111111111111111114555
55556665554211111111134433221111111111111111112555
55555665553111111111123433311111111111111111111355
55555665553111111111123222211112343332111111111113
55565565553111111111113322111112333444211111111111
55555555553111111111113333111111234444421111111111
56655555552111111111112332111111123444431111111111
66665555552111111111112322111111111012332111111111
66666655553211244443322322111111110000000113311111
66666655554212234333322332111111110000000111111111
66655555555321123333211221111011111100000014544455
66555555555553311232112221110001111100000013555555
55556655555655543111111211110001111111111113555555
55666655555666555421111211100001111111111112555555
55666655555665554311123321110001111111111111455555
55556655555655543311133321110000111111111111355555
55555555555555553211233321111010122111111111255555
55555555555555542211233331111110001111111111255555
55555444555555542211344343111110000111111111145555
55555445555555542111344344111110000111111111135555
00000000000000000000000000000000000000000000000000
00000000000000000000000000000000000000000000000000
00000000000000000000000000000000000000000000000000
00000000000000000000000000000000000000000000000000
00000000000000000000000000000000000000000000000000
N00000000000000000000000000000000000000000000000000
00000000000000000000000000000000000000000000000000
00000000000000000000000000000000000000000000000000
00000000000000000000000000000000000000000000000000
00000000000000000000000000000000000000000000000000
66667777777766766666555666666666666666665555565566
66667777767766666665555666665555566666655555565555
66667777777766666655555665655555566666655555666666
66677677677666666655555544444333344555555555666666
66677777677666665433443333332232223333334444555666
66666666666665544444444322222322233322222222234555
66666666666555444433322211111111111122121112332334
66666666655544443211211111111111111123222122332222
66766666654332222222111111111111222223222222222222
66666666553222222321111122111212222212221122222222
66666666544322111111111112222111111112211222111211
66655566654332111111111122111111111112222211111111
66555666554332111111111111111111111222222222221111
66566666654332211111111111111111122233333332222111
66666666665443222211111111222223333444444443322222
66666666665443322222222222233334444445555544332222
66666666665433333333333333333334444445555554332222
66666666666433433333333333333333444445555554433222
66666666666434433333333333333333344444445554433322
77777777776544433333333333333333344444445555433322
77777777776644433333333333333334444444444555443223
77777777777654533333333333333334444444445555554322
77777777777764543222222233333333333334444555555432
77777777777665432222222222222222222222333444555433
77777777777765433333332223333322222333444444555433
76776777777765433222222233345433222223444445555543
77777777777765543322222333445543333334444445555555
77777777777665543333333333455554443334444455555555
77777777777665533333333333455544433334444444444445
77777777777666533333333333445544333334444444444454
77777776666666543333322333444444333334444444444443
77777767776666653333322222333334333334444444444545
77777777776666664333333333334444444334444444444555
77777777776666665532222222334444444443444444445555
77777777776666666522223333344334432233444444445555
77777777766666666533222222343344444333444444445555
77777777766666677533233222343334444444444444455455
66666677666666776532222223344333344444444444454455
76777777666666776532222223444334444444444444444455
66676777666666776532222323334334444444444444444555
00000000000000000000000000000000000000000000000000
00000000000000000000000000000000000000000000000000
00000000000000000000000000000000000000000000000000
00000000000000000000000000000000000000000000000000
00000000000000000000000000000000000000000000000000
N00000000000000000000000000000000000000000000000000
00000000000000000000000000000000000000000000000000
00000000000000000000000000000000000000000000000000
00000000000000000000000000000000000000000000000000
00000000000000000000000000000000000000000000000000
66667777767766666432211110000011111111111111001100
66667767766666666542211111111111111112111111111100
66667777667666666654321111111112222233322221111111
66677677666666666655432222222233333333333222221111
66677777677666666654433333333333334444443332222111
66666666666665555553333333333333334444444322221111
66666666666555555543333333333333333334444332221111
66666666666555555554333333333333333334444333222211
66766666666666665554333333333333333334444333222221
66666666666666655553333333333333333344444433222222
66666666655556665432233322222223333344444444332222
66655566665555555542223222222222223334444444443322
65555666666555555554222333322222222233344444443333
66566666666555555555333333332222222333344444444333
66666666666555555554443333332222333333344444444433
66666666666555555554433333333222233333444444444444
66666666666666555554344433322222233333444444444444
66666676666666555543344433222222233333444444444444
66666666666666555543332232222222233333444444444444
77777777777776555553433322222222333333344444444444
77777777777776555564533333333223333333444444444444
77777777777776555565433333322223333333444444444444
77777777777776555666433222222222333333444444444444
77777777777666555666543222222222333333344444444444
77777777777766655666664333333332233333334444444444
76766677777766656666665333333333333333333344444444
77777777777766666676665433333333333333333334444444
77777777777766666676766433333333333333333334444444
77777777777666666666666665443333333332223344444444
77777777777666666777666777666344332233333344444444
77777776666666666666666776643343333333333344444444
77777766776666666777666664333443333333333333333444
77777777776666666666543323223443333333332223333344
77777777776666665532222223334543223333332222223344
77777777766555432322223333344443222222222222223343
77777766654332221333222222333444222222222222222332
77777654332221111223233222333444322222222222222222
66654332221111111322222223334444432222222222222223
55333222111111001322222223334444554222222332222344
33222111111110001322222223334444455322223332233445
00000000000000000000000000000000000000000000000000
00000000000000000000000000000000000000000000000000
00000000000000000000000000000000000000000000000000
00000000000000000000000000000000000000000000000000
00000000000000000000000000000000000000000000000000
N00000000000000000000000000000000000000000000000000
00000000000000000000000000000000000000000000000000
00000000000000000000000000000000000000000000000000
00000000000000000000000000000000000000000000000000
00000000000000000000000000000000000000000000000000
66666767766666666664321111111111122222221111111000
66666666666666666655432222222223333333332221111111
66667677667766666655544333333333333343333222221111
66677677677666666655443333332333334444443322221111
66667677677676666654433333332333333334443322211111
66666666666665555554433333333333333344443322211111
66666666666555555554333333333333333344444332222111
66666666666555555554333333333333333344444332222221
66766666666666665543333222222223333444444443222222
66666666666666655532233222222222223344444444332222
66666666665556665542223333222222222333444444433222
66666666665555555553343333322222222333444444433333
66655666666555555555433333322222333333444444443333
66566666666555555553333333222223333334444444444333
66667666666555555434443333222223333344444444444445
66666666666655554333444332222222333344444444444444
66666666666666555432222322222233333334444444444444
66666676766666555534333223223333333334444444444444
66666666666666555554333333333333333344444444444443
77777777777776555554333332322233333344444444444442
77777777777776555543222222222333333344444444444434
77777777777776555554322222232233333344444444444444
77777777777776555565433333333333333333344444444444
77777777777665555666533333333333333333334444444444
77777777777766555666543333333333333333333344444444
76766677677765556666533333333333333333333444444444
77777777777766666676643333333333333333333444444444
77777777777666556676666543322223322222333444444444
77777777777665566666666665344333333333344444443344
77777777777655566767666533443333333333344444444444
77777766666555556666433333433333333333344444444444
77766666666555432222223224333333333333333344444444
77767766543322222222222244433333333322333333444444
77654333222211111132222244322333333322233333444444
43333222111111111121122333345333333322222233344443
33222111111111100132232221232322233332222233344322
22111111001110000022222222233322222222222233332222
11111111000000000132222222243322222222222222222334
11111111110000000132222222343322223332222222233445
11111110000000000132222222343432233333322223444555
00000000000000000000000000000000000000000000000000
00000000000000000000000000000000000000000000000000
00000000000000000000000000000000000000000000000000
00000000000000000000000000000000000000000000000000
00000000000000000000000000000000000000000000000000
