44444444444444455544444444444444444444444444444444
44444444444444445444444444444444444444444444444444
44444444444444444444444444444431112234444444444444
44444444444444454444444444444410011013444444444444
44444444444444544444444444444102223324444444444444
44444444444444444455444444443222233444444444444444
44444444444444444446555444443333334444444444444444
44444444444444444445676544433222334544444444444444
44444444444444444444477754322222233544444444444444
44445544455444444443467544222222234454444444445544
55555555555554444433455444222222235555555555555555
55555555555555444434454444222222235555555555555555
55555555555555554434443344322224445555555555555555
55555555555555555444443245322235555555555555555555
55555555555555555544442245422234655555555555555555
55555555555555555544432244422224565555555555555555
55555555555555555544432444322223567555555555555555
55555555555555555444432444323444568655555555555555
55555555555555555344432444334444577855555555555555
55555555555556653244432443444443766865555555555555
55555555555666653244442443334434645766566666666666
55555555556666642234442233223234444766666666666666
55555555666666632234443233323323335766666666666666
55555566666666632224443233333323344776666666666666
66665666666666522223443223334423344676666666666666
66666666666666322222444223334523433456666666666666
66666666666665322222444223344522434556666666666666
33566666666665323222344323334522445445666666666666
22566666666664333322344321114433454444455666666666
23566666666664333322332021222344444444445666666666
23666666666664333322322233322345554455555666666666
23556666666653333322323333333445654455555666666666
23214444454323333333333343333445764555555666665442
23223444432223333333334555433335775455555666432222
23322344422223333333334567743345666545555666422222
12233444322223333333334567763445555754555665322222
11135443222223333333334567754444555665543332222222
00135443222233333333335667653444555575432222222222
11112333222222223333345667653444555577332222222222
11111212222222222333345666643345555567432222222222
00111222222224532233345667633334555557732222222222
11111223224643332222355666633333455556732222222222
11111112223333332222355666433333345555732222222222
11111222123333332222355666333233334555632222222222
11111112223333332222455564333233333555542222222222
11111012223333332233555554333333333455532222222222
11111222223333332465555543333233334455432222122222
21111222233333345665555533333233334445422222122222
21111322233333345655554333333333333445532222122222
31111232234444445555533333333333333444442222122222
N44444444444444444555444444444444444444444444444444
44444444444444444555444444444433333444444444444444
44444444444444444444444444443110012444444444444444
44444444444444444444444444431011223444444444444444
44444444444444444444444444420123454444444444444444
44444444444444444455444444422234544444444444444444
44444444444444444456544444433233355444444444444444
44444444444444444445566544322223355444444444444444
44444444455544444444377643222222355544444444444444
55555555555554444444267542222222355555555544455555
55555555555555444443356443222222355555555555555555
55555555555555544433446344322234355555555555555555
55555555555555555434445335532245555555555555555555
55555555555555555444444335643245555555555555555555
55555555555555555544444235644345655555555555555555
55555555555555555544443234543355575555555555555555
55555555555555555544443234433466686555555555555555
55555555555555555444443244434555687555555555555555
55555555555555555344442243444445778555555555555555
55555555555555565244443244343435657655555555555555
55555555666666664244443234333434446765555556666666
55555566666666663234444233344533444776666666666666
55555566666666663234444323344544444576666666666666
56666666666666653223444323344544444455555666666666
66666666666666653222444323344533444455444556666666
66666666666666652222344423344432344554445565666666
66666666666666643222244423344532355544556666666666
46666666666666643332244432212453355555666666666666
56666666666666643332233111112343354444566666666666
66666666666665333333212122332245355554566666666666
66666666666532223333222233333345545555566666666666
44454556653222233333333333333345755455566666666666
43135444322222233333334444433335775455566665432233
43224443222222233333334456643335677555566642222233
33323442222222233333334556763344567655566642222233
11333432222222233333334566764444557755555532222223
11254322222222233333334566764444556773332222222222
01244322222222233333334566753444555674222222222223
11112222222222233333335566753344555576222222222223
11112212222223332222335566643344555567222222222223
11112201225643332222345566643333555557422222222223
11111223344333322222245566633333455556422222222223
11111121233333322222245566533333345556422222222223
11111121233333322222255556433333334555522222222223
11111022233333322223355555333333334455522222222223
11111122233333322344455554333333334455322222222223
11112222233333322665555553333333344455222222222222
11112222233333335665555533333333334445322212222222
21112222333333334555544333333334433445432212222222
21112222344444345555523333333333334444322212222222
N44444444444444444444444556654444444444444444444444
44444444444444444444444555554444444444444444444444
44444444444444444444445666432223444444444444444444
44444444444444444444444566200113444444444444444444
44444444444444444444444455112454444444444444444444
44444444444444444444445653024544444444444444444444
44444444444444444444456653233355444444444444444444
44444444444444445544445642233355444444444444444444
44445555555555555544446522222355444444444444444444
55555555555555554444457422222245554444444555555555
55555555555555555444456732222245555555555555555555
55555555555555555444444664323435555555555555555555
55555555555555555444433554644555555555555555555555
55555555555555555443333443574555555555555555555555
55555555555555555343334443475566555555555555555555
55555555555555555343333432465677655555555555555555
55555555555555555344334322455677765555555555555555
55555555555555555344444223445567676555555555555555
55555555555566655344444224544445456766666665665555
55555566666666665244444334444644444555555544565555
55556666666666665234444333444644444444444455554556
55566666666666665234444333444543444444445555555566
66666666666666665224444333444532445555555556666666
66666666666666665323444323444522466666666566666666
66666666666666666322444323444522466666666666666666
66666666666666666322344333444422366666666666666666
66666666666666654333344323245422256666666666666666
66666666666656644333332211024532235666666666666666
66666666664222233333211122222432234666666666666666
66666665432222222233223333333543234666666666666666
45556542222222322333333333334453234666666666666666
44443222222222222233344444333455334666666543344554
32442222222222333333345566433467433666532222333333
32342222222223333333345567633467733666422222233333
32222222222223332333345567744456753566422222222233
23322222222222222333345567744455763442222222233332
13322222222222222233345567744445674332222222233333
12422222222222222223345567744445575332222222233333
11222222222333222333345567744445566332222222233333
11222223444443222333345566743445566322222222233333
11122333443333222333345566633445556322222222233333
11121223333333222233335566633345556322222222233333
11111123333333222233335556533344555222222222233333
11111123333333222222235556533334554222222222233333
11111223333333222333345555433334554222222222233333
11101223333332222223455554333334454222222222233333
11012223333332222235555553333334455542122222233333
11012223333332222344555533344334455442122222223333
11112223333332223344454333333333445432122222223333
11012223333332223344443233333334554432122221122233
N44444444444444444444444444444444444444444444444444
44444444444444444444444444444444444444444444444444
44444444444444444444444444444454444444444444444444
44444444444444444444444444322355444444444444444444
44444444444444444444444431012345544444444444444444
44444444444444444444444410134445544444444444444444
44444444455544444444444301254445544444444444444444
44455555555555555544444212344555544444444444444444
55555555555555555555554322335655555544444444444445
55555555555555555555554222246655555544455555555555
55555555555555555556776422356655555555555555555555
55555555555555555545567743346655555555555555555555
55555555555555555444667775444555555555555555555555
55555555555555554444556675444455555555555555555555
55555555555555553444444555445555555555555555555555
55555555555555552344444444456775555555555555555555
55555555555555542344444444456776665666666655555555
55555566666665532343333322346676666765565555555555
56666666666666632344333223346555455654545555555555
66666666666666632344432123344545555444455555566666
66666666666666632344432222346544455555555666666666
66666666666666642244432222445555566666666666666666
66666666666666642134432222445666666666666666666666
66666666666666652224432222356566666666666666666666
66666666666666543224432222356356666666666666666666
66666666666654443234432223454246666666666666666666
66666666556544444334322234454445666666666666666666
66666654233333444322201134555455666666666666666666
66665422222222222322222233455555666666666666666666
55432222222322222233333223345555566666666666666665
44222222222222233334443333455444566666544556654443
14222222223333333345665333445444466432223333333333
23222222223333333345677433456444455222222333333333
22222222223333333345667633467544455322222333333333
32222222222222333345567744567644444522222333323333
33222222222222233335567754456744443432222333333322
23222222222222233335567764456754443332222333333421
11222222223322333335567864455763444332222333334421
12222234544322333334567864445663333332222333333421
12222344333322333334556764445673232222222333333421
11111233333322223334556764445563222222222333333333
11111233333322333333555764455563222222222333333444
11121233333322233333555663345563222222222333333444
11121233333323333333555653345553222222222333333344
10122233333322223334555543344553221222222333333334
00222333333322233334555433334564221222222333333333
01222333333322333345554344434566221222222233333333
00122333333222223334555433334567642222222233333333
01222333333222222334455433333446542222222222333333
01222333333222222333344433333345521122211222332322
N44444444444444444444444444444444444444444444444444
44444444444444444444444444444444444444444444444444
44444444444444444444444444444444444444444444444444
44444444444444444444444444322244444444444444444444
44444444444444444444444431011244444444444444444444
44444444444444444444444301134444444444444444444444
44444455555555554444444102354444444444444444444444
55555555555555555544444123435544444444444444444444
55555555555555555555554223334544444444444444444445
55555555555555555555553222224555555554455555555555
55555555555555555557775322223555555555555555555555
55555555555555555566777642223555555555555555555555
55555555555555555445567765445555555555555555555555
55555555555555554445677765555555555555555555555555
55555555555555553446777775576655555555555555555555
55555555555555542445567776566655555556655555555555
55555555555555531344456765555555556766666666555555
56655666666655521344455555455455556655555455555555
66666666666666421244444444444455555444455555555555
66666666666665421343334444445444455445555666666666
66666666666665321344333344446444555665566666666666
66666666666665322344432334445665666666666666666666
66666666666666321234423334456666666666666666666666
66666666666665321134323334456666666666666666666666
66666666666544322124222234466666666666666666666666
66666666665444322124222234465666666666666666666666
66666644554444432223122224564566666666666666666666
66654322222233333211112223665566666666666666666666
65422222222222223333222222455566666666666666666666
52222222222322333333322222245556666666666666665544
43222222222323333355432223345555666543344555443333
32222222333333333455542233345555632222233333333333
22222222333333333455553233355555632222233333333333
22222222232233333456674233465545542222233333333333
32222222222233333456776344566544553222233332333333
42222222222223333456776445567544444322233333332123
22222222222333333456776444557654433422233333342123
22222223444333333456776344556755533332233333342123
12123455433333333355676344556754543322233333342123
11122333333233333355676334555753433322233333343122
11112333333233333345675224555653322222233333344322
11212333333223333345564223555652222222233333344432
11222333333333333345553223455552222222233333334432
11222333333333333345543233345542222222233333334432
01222333333223333355543333345552122222223333333332
02222333333233333455554333334563122222223333333332
11223333333223333345554444334575222222223333333332
11223333332222333344555433334567422222223333333332
12223333332222223344554444434456522222222233333222
12222333332222222345433333333455422222222223232221
N44444444444444444444444444444444444444444444444444
44444444444444444444444444444444444444444444444444
44444444444444444444444444444444444444444444444444
44444444444444444444444443211124444444444444444444
44455555544444444444444431112234444444444444444444
55555555555555544444444411233444444444444444444444
55555555555555554444445422234544444444444444444444
55555555555555555555544322223554444444444444444445
55555555555555555555554322223455555555555555555555
55555555555555555555553222223555555555555555555555
55555555555555555667764322223555555555555555555555
55555555555555556777765453234555555555555555555555
55555555555555555666765367545555555555555555555555
55555555555555555555555357546765555555555555555555
55555555555556676544444335646776665666655555555555
55555555555556666544444234544666667776676665555555
66666666655555666544343233443456655664555455555555
66666666666666655544343243333344555444455555555555
66666666666677754434443243334444455555555566665666
66666666666677753223343243335555556555556666666666
66666666666567742223343223335666666655666666666666
66666666665556641222343223345666666666666666666666
66666666555556531221343233345666666666666666666666
66666554444555431221243233346666666666666666666666
66666444445555421221133234446666666666666666666666
53344444445554322221121123456666666666666666666666
22222222345554222221112222334666666666666666666666
22222222344543222221123332234566666666666666666666
22222223345554322221135533344566666666666655566666
22222233345565532222246753334565444555544333344556
22223333334555443222246774335773223334333334444444
22223223334444433222256774345774223333333334333444
22222223334444432222357774345577323333333333333333
22222222333444332222357774344567633333233233333333
22222222333333232222357773244556743322333223444443
12222323333334322222356763234456764333343222466654
12345544333334423222356762234455674333344222466664
23344333333334533222355642223455575333333212366564
11233333333333442222355632223445565333333222355554
21233333333333443222355422222345565333334332355654
22233333333333343112454222222334555333334432345654
22233333333333333113454222222334454333334432345554
22233333333333332223455222222223454333333432245554
22233333333333333334455322222224554333333332245555
22233333333333333334444222232434445333333332245555
22333333333333333334454222223433445333333332245444
22333333233333333334553222223334554223333332244334
22333333233333344335543222212233554223333222244334
32333333233333333335533222212222354223332222234344
22333333333332333334432222212222244223322222134444
N44444444444444444444444444444444444444444444444444
44444444444444444444444444444444444444444444444444
44444444444444444444444444444444444444444444444444
44444444444444444444444444211113444444444444444444
55555555544444444444444441112324444444444444444444
55555555555555544444444421223344444444444444444444
55555555555555554444444532233444444444444444444444
55555555555555555555554422223554444444444444455555
55555555555555555555554322223455555555555555555555
55555555555555555556553222223555555555555555555555
55555555555555556777754332223555555555555555555555
55555555555555566666754564224555555555555555555555
55555555555566765444564477545655555555555555555555
55555555555666654444444356557766555555555555555555
55555555566666654444443245546767666666665555555555
66655555677765554444443244444565556776566666555555
66666655677755443344443243433456665555555455555555
66666655567654321244443243333344455544455555566565
66666655566654221234443243324444445555555666666666
66666655555664221224443233334565556655556666666666
66666655555663221223344222334666666655666666666666
66666665556663221222334322334666666666666666666666
66666655445553222222234322334666666666666666666666
66655554444443222222123422334566666666666666666666
55555544444443222222113422245666666666666666666666
33445444444443222222112211133456666666666666666666
23344322334443222222111122222346666666666666666666
23333333233443222222211233333446666666666666666666
22233333334443222222212356433445666666655445666666
22333333333443222222212467733346754554333334444566
23333333333343222222222467753356764333333344444466
22222333333343222222222467753455676333333333333456
22222233333343222222223467753445567533333333333356
22222233333344222222223567753444557743322333333344
22222233333334232222223567742344556764321235544433
12333333333334332222223567743234455674421235666433
23454443333334322222223566534223455565321235666444
21333333333333422222223456334322345565321235656544
11333333333333433222223554224422344555332235555544
22333333333333443222224553223432234555344225565544
22333333333333343222234542222332234554444224565544
22333333333333344322234542222233334443344224555544
22333333333333344323344552222233334443334224555544
22333333333333334322344443222233234453333324555544
22333333333333333222344543222223345543333324555543
22333333333333333222345522333333345433333223544443
23333333333333443223455322232222235433333223433443
23333333233333333323454221222222235433322223443433
23333333333233333333453222222222335433322223444433
22333333333233333333452221222222345422322212444432
N44444444444444444444444444444444444444444444444444
44444444444444444444444444444444444444444444444444
44444444444444444444444444444444444444444444444444
55555544444444444444444444422112444444444444444444
55555555544444444444444444111122444444444444444444
55555555555545544444444442122344444444444444444444
55555555555555555444444443223444444444444444444455
55555555555555555555555532222355444444445555555555
55555555555556556777655432222345555555555555555555
55666666777777776667765322222355555555555555555555
56666666666666664445654532222355555555555555555555
55666655555444444444653664223455555555555555555555
45555555455444444444443565446665555555555555555555
55555555555555444444442355457767555555555555555555
55555555555555523444432344345667666666666555555555
66666655555555422444432344444456555677656656555555
66666666666666322244442343433345665565555445555555
66666666666666322134443243323344455544445555566665
66666666666666322134443234324444445555555666666666
66666666666665322223444333333566556666556666666666
66666666666665322222344422333566666666566666666666
66654445566665322222234432233466666666666666666666
65444444445554222222123443233456666666666666666666
54444444444444222222112443223456666666666666666666
33344444445543222222211344222345666666666666666666
22222334444443222222211133211134466666666666666666
32232223444443222222221121122224566666666666666666
22333333444443222222222111233334466666556666666666
33333333444443222222222112354333467443334456666666
33333333344443222222222113467633467643344444466666
32333333344443222222222212467753456764333344466666
22233333344443322222222222467754455674344333466666
22223333344443322222222222467754445576333333355554
22222333344443322222222223467753445567544444333333
23222333333344322222222223467753444556746665433333
34555433333344322222222223467753344555656666444323
23433333333344322222222223456743334455666666444323
23333333333343322222222223456633333445555555444323
23333333333443322222222223555433333345555565444322
23333333333443322222222234554333333345435565444443
23333333333443322222222355543233333344435555444444
23333333333443322222233455432233334444545555444444
23333333333433222222223444432233334544234555444344
23333333333433333222234444433333335543224555443234
23333333333333333322224554333333335543224544443234
33333333333433334322224553222322335533224433433234
33333333333333333322224532222222335422224434432233
33333333233333333322225422222222345322224444432223
33333343333333333322235322222222455222223444432224
33344555555553344443455222222222355222113333322223
N44444444444444444444444444444444444444444444444444
44444444444444444444444444444444444444444444444444
55555444444444444444444444444444444444444444444444
55555544444455544444444444444444444444444444444444
55555555554455544444444444421111244444444444444444
55555555544455554444444444311222244444444444444444
55555555544455555554444444122234444444444555555555
55555555555445677666655544222234455555555555555555
55555555555444456667776543222235555555555555555555
55555555555544444445676532222235555555555555555555
55555555555554444444565443222245555555555555555555
55555555555555444444454465222245555555555555555555
55555555555555554444443366434555555555555555555555
55555555555555554344443256446766555555555555555555
66655555555555553244443245445657755555555555555555
66666665555555552234443244444557677767666666655555
66666666666666642224443234433346555566655544555555
66666666666666632113444224433344555554445555556565
66666666666666522113444423333544445554445666666666
66666666666666422122344432234455555556555666666666
55555666666666322122244443234456666666666666666666
44444445566665221121134444223456666666666666666666
44444444445554221222123444323446666666666666666666
44444445444443222222112344423345666666666666666666
23344445555543222222211234432224666666666666666666
22223444444443222222221124431113466666666666666666
33333444444442222222222222112233566666666666666666
33333444444432222222222211223333465445566666666665
33333344444432222222222212234443466344444566666665
33333344444432222222222222345664357533444466666665
23333344444432222222222221345674356743333466666665
33333344444432222222222222345675446763343366666665
33333344444332222222222222245675445674433344433344
33233333444332222222222222345675445576554433333333
45654334443332222222222222355675445567665443333333
54433334433322222222222222355675444557666444223333
33333344433322222222222233355564334556556444323333
33333344333222222222223333355564334456555444323333
33333333333222222222223333355554344455565444333334
33333333333222222222222234455543334455555444443444
33333333333322222222222345555533334445555444444444
33333333333333333322222455554333344445555444444444
33333333333333322222223455533333355445555443234444
33333333344333322221223555433333355325545442234444
33333333333333322221224554444333355224434432234444
33333334444344322221224543333333354224334432234444
33333333333333322221225422222333353224434432234444
33333333333333322221245222222334552224444432234444
44445544555543444433355222222235652223444332233444
56666534566644666666566666555555555444445444444444
N44444444444444444444444444444444444444444444444444
44444444444444444444444444444444444444444444444444
55544444444444444444444444444444444444444444444444
55544444444444444444444444444454444444444444444444
55555555555444444444444444444455444444444444444444
55555555555555555544444444444445544444444444544444
55555555555555555555555545544456544554555555555555
55555555555555555555555555434566555555555555555555
55555555555555555555555555313455455555555555555555
55555555555555555555555554123455555555555555555555
55555555555555555555556765334445555555555555555555
55555555555555555555555666644455555555555555555555
55555555555555555554444445554555555555555555555555
55555555555555555543444444444455555555555555555555
66655555555555555533444444333355555555555555555555
66666665555555555423433332235555555555555555555555
66666666666666655223443333336665566666655555555555
66666666666666664223444332235776666666666666655565
66666666666666652213455432236676666666666666666666
56666666666666632113455532235566667765654556666666
44555566666666522113455532234455555545555566666666
44444445566665321112455422245444554444566666666666
44555444445553221112455433445544556665566666666666
44455455444442221222355534446666666666666666666666
44444455445432222222355544456666666666666666666666
44444444455332222222355432246666666666666666666666
44444444553322222222222222235545566666666666555566
34444455533322222222122344334334444566666665544445
34444444223222222222333344445334444456666665555445
34444432232222222222334567546433333456666666555445
34443322332222222222335567746533333356666666444444
34433222332222222222245567856744433344433444444334
33333222332222222222235567765754554433333333333333
44433333333322222222234556775665666443323333333333
33333333322222222222234556775565666444323333334555
33333343222222222222234556775566656544323333334554
33333333222222222222233455675566555544423333444445
33333333332222222222233455675556565444422334644444
33333333332222222222233355575555555444444444444434
33333333333333322222333445565555555444444444444444
33333344432223322223444455555555555544444344443344
33333333332222222224444455544555555543234444444444
33333333332222222224544555434455544543234444443444
33334433432222122223444444334455433433234444443333
33344444432222122222245444434554433432234444443444
22333333332222122222245434323554434432234444444444
22333333332222122222244333322354444432234444444444
33344444444345444333444343333566655432234444444444
32333333335667764446556777766665666666666666666566
33222233335666663235556666666445556676556777777777
N44444444444444444444444444444444444444444444444444
44444444444444444444444444444444444444444444444444
55444444444444444444444444444444444444444444444444
55555554444444444444444444444444444444444444444444
55555555555444444444444444444444444444444444444444
55555555555555555555555544444444444444444444444444
55555555555555555555555555544444455555555555555555
55555555555555555555555555433333455555555555555555
55555555555555555555555555211112455555555555555555
55555555555555555555555554012245555555555555555555
55555555555555555555555553222345555555555555555555
55555555555555555555556675322255555555555555555555
55555555555555555555444567322256666555555555555555
55555555555555555554444467743455655555555555555555
66665555555555555553444445666654555555555555555555
66666666655655555533444444456654455555555555555555
66666666666666655423443344444555556666555555555555
66666666666666664223443333334555566666666666666666
66666666666666653224444422234666666666666666666666
56666666666666632114455532233456777656655556666666
45555666666666522113455533223455555545555566666666
55444445566666322113455644423445554445566666666666
55555544445664221112456544433445556655666666666666
45545555545642221122356544444666666656666666666666
44444445545532211222356544446666666666666666666666
44444445544322222222355433356666666666666666666666
44444444543232222222222222145455666666666665555666
44444444432322222222223444334344445666666654444466
44444444323222222222333444444344444666666655544466
44444432232222222222335676445333334666666655554456
44444322332222222222345677446433333666666654444456
34433222332222222222345678646644433443333433333444
34433223322222222222245577756755554333333333333322
44333333322233222222235567755666664443233333333344
33333333333333222222235567855676564443233333355444
33333343333322222222234567865566564443233333345544
33333333332222222222234557855566654443233335444455
33333333332222222222334556855556654443333355443444
33333333332222222222333556755556554444444444443343
33333333322333322222334555744555554444444444444442
33333333222333322223344555544555554444444444443332
33333333222233322234444554444555554422444444444432
33333333222222222234444554334454444322344444434332
33344443222222222245444454334444334322344444433333
22333333222221222223455454334554344322344444444444
12222233222221222222355443223654444322344444444444
23323334333432222223343333222555544222344444444444
23323333333346666644455544334566664333344444444444
23323333333357777743357777776655567777766777767766
34444333333334444421156666655556666777633677777777
N44444444444444444444444444444444444444444444444444
44444444444444444444444444444444444444444444444444
55444444444444444444444444444444444444444444444444
55555555444444444444444444444444444444444444444444
55555555555444444444444444444444444444444444444444
55555555555555555555555555444444444455555544444444
55555555555555555555555555544444555555555555555555
55555555555555555555555555421122455555555555555555
55555555555555555555555554111223455555555555555555
55555555555555555555555553122335555555555555555555
55555555555555555555555543322345555555555555555555
55555555555555555555566532222245555555555555555555
55555555555555555555678852222245555555555555555555
55555555555555555554566775322255555555555555555555
66666655555555555544466776433355555555555555555555
66666666666655555534467875465555555555555555555555
66666666666666655524457764465665666665565555555555
66666666666666665323445774366766666666666666666666
66666666666666665223445675355777777666666666666666
66666666666666653223344677654565566555455666666666
45556666666666652223434566765455554455666666666666
55444455666666532123433345566545555455666666666666
55544444566665322222344344556656666566666666666666
44444555566664222222344334555666666566666666666666
44444455566653221222234333445666666666666666666666
44444455566632222222134311245566666666666666666666
44444455566532222222121111135556666666665555566666
44444445566323222222222222223444566666665444456666
44444445564232222222233432234444466666665554456666
44444444453232222222234543245543466666665554456666
44444443443322222222335554334653366555665444346666
33333344432322222222235566533664333333333333343346
44333344322222222222235567744575433333333333322333
33334443322222222232224567754566443233333334444444
33344433222222222332224577754556443223333345444444
33334433223323333322234567754556444223333445554444
33334433233333333322244567745556544223335544455444
33333433333333333222344567634555544433345443344324
33333333333333322223434556434555544444444444443223
33333322233233222233444555234455444444444444443222
33333322223232233233344554234455443344444444443222
33433322222233333334444543234455432344444444443222
33333322222223332334444443234444432344344433433222
33433333222222333344444443234434332244344433433223
33312223322222223444445432234544332244444444444434
33212223332233333334444322224554322244444444444434
33212322333333333333444332124665322234444444444434
33212322333333334777643346665666666566655445555543
33223433433333333666543335666555667777777457888877
33223233333333322333333333123544455444445546777777
N44444444444444444444444444444444444444444444444444
44444444444444444444444444444444444444444444444444
55455444444444444444444444444444444444444444444444
55555555544444444444444444411112444444444444444444
55555555555444444444444444112233444444444444444444
55555555555555555555554444222344444555555544444444
55555555555555555555554443222245555555555555555555
55555555555555555556776542222245555555555555555555
55555555555555555556777743222355555555555555555555
55555555555555555566666755422355555555555555555555
55555555555555555776544654743455555555555555555555
55555555555555555677544443665655555555555555555555
55555555555555555667643432465765555555555555555555
55555555555555566776543432354666555555555555555555
66666655555555557774444423343466665666655555555555
66666666665655556764344423333345566666555555555555
66666666666666555663344432334445555455555555555555
66666666666666555663334432334444444445665566655555
66666666666666655653234432344555555455666666666666
66666666666666655653123432344666665556666666666666
55556666666666655652113442344666665566666666666666
44444556666666645642112332223666666666666666666666
45555456666666634653111111222466666666666666666666
44555556666666533555221123333456666666666666666666
44444456666666323455321235533456666666666666666666
44444456666665323344321246753456666666666666666666
44444456665443322333321246763357666665544556666666
44444556663223322222221346774457666665554446666666
44444456663234322222222356774456766665555446666666
44444444332234322222222356764456766665555445666666
34444222222244322222313456764455744555444445566666
33223222222344322222313456764455633333333333334666
33333222222454322222323355664455633333333333333446
33333222223454222223323455665445523333334444444445
33333222223553222223323455556445523333335544444444
33333222234553222323323455555445423333444455444455
33333222234553332333224444565445423334544445544465
33333222245544332332234454554445444445444334323444
33333222345544322332233455553445444444444444322343
33332222245544323322234455543444444444444444222344
33332222124544323322234455554443334444444443222244
23332222112334323332335444544543234444433443222244
23333222222222223322335433433543234444444333222334
22233222233222222322334333433442234444444344323334
22233212223222223333335233434542234444444444433444
23222212222333333333346323445542234444444444443444
23223212322233333333357533334553233444444444433444
23223212332333333333467773224667777777777765566555
23333322333344433333245543222333455566665553477777
23333322222333333332123222222111133323332222356777
N44444444444444444444444444444444444444444444444444
44444444444444444444444444444444444444444444444444
55455444444444444444444444444444444444444444444444
55555555544444444444444444411112444444444444444444
55555555555444444444444444112233444444444444444444
55555555555555555555554444222344444555555544444444
55555555555555555555554443222245555555555555555555
55555555555555555556776542222245555555555555555555
55555555555555555556777743222355555555555555555555
55555555555555555566666755422355555555555555555555
55555555555555555776544654743455555555555555555555
55555555555555555677544443665655555555555555555555
55555555555555555667643432465765555555555555555555
55555555555555566776543432354666555555555555555555
66666655555555557774444423343466665666655555555555
66666666665655556764344423333345566666555555555555
66666666666666555663344432334445555455555555555555
66666666666666555663334432334444444445665566655555
66666666666666655653234432344555555455666666666666
66666666666666655653123432344666665556666666666666
55556666666666655652113442344666665566666666666666
44444556666666645642112332223666666666666666666666
45555456666666634653111111222466666666666666666666
44555556666666533555221123333456666666666666666666
44444456666666323455321235533456666666666666666666
44444456666665323344321246753456666666666666666666
44444456665443322333321246763357666665544556666666
44444556663223322222221346774457666665554446666666
44444456663234322222222356774456766665555446666666
44444444332234322222222356764456766665555445666666
34444222222244322222313456764455744555444445566666
33223222222344322222313456764455633333333333334666
33333222222454322222323355664455633333333333333446
33333222223454222223323455665445523333334444444445
33333222223553222223323455556445523333335544444444
33333222234553222323323455555445423333444455444455
33333222234553332333224444565445423334544445544465
33333222245544332332234454554445444445444334323444
33333222345544322332233455553445444444444444322343
33332222245544323322234455543444444444444444222344
33332222124544323322234455554443334444444443222244
23332222112334323332335444544543234444433443222244
23333222222222223322335433433543234444444333222334
22233222233222222322334333433442234444444344323334
22233212223222223333335233434542234444444444433444
23222212222333333333346323445542234444444444443444
23223212322233333333357533334553233444444444433444
23223212332333333333467773224667777777777765566555
23333322333344433333245543222333455566665553477777
23333322222333333332123222222111133323332222356777
